!-ReaxFF-Parameter-From-Machine-Learning-Computational-Materials-Science-172-(2020)-109393
39         ! Number of general parameters 
   50.0000      ! boc1 
    9.5469      ! boc2 
    1.6725      ! coa2 
    1.7224      ! trip4 
    6.8702      ! trip3 
   60.4850      ! kc2 
    1.0588      ! ovun6 
    4.6000      ! trip2 
   12.1176      ! ovun7 
   13.3056      ! ovun8 
  -55.1978      ! trip1 
    0.0000      ! swa 
   10.0000      ! swb 
    0.0000      ! n.u. 
   33.8667      ! val6 
    6.0891      ! lp1 
    1.0563      ! val9 
    2.0384      ! val10 
    0.0000      ! n.u. 
    6.9290      ! pen2 
    0.3989      ! pen3 
    3.9954      ! pen4 
    0.0000      ! n.u. 
    5.7796      ! tor2 
   10.0000      ! tor3 
    1.9487      ! tor4 
    0.0000      ! n.u. 
    2.1645      ! cot2 
    1.5591      ! vdw1 
    0.1000      ! cutoff 
    1.7602      ! coa4 
    0.6991      ! ovun4 
   50.0000      ! ovun3 
    1.8512      ! val8 
    0.5000      ! acut 
   20.0000      ! hbtol 
    0.0000      ! n.u. 
    0.0000      ! n.u. 
    0.7903      ! coa3 
10 ! Nr of atoms; atomID;rosi; val; mass; rvdw; Devdw; gamma; ropi; vale; 
            alfa; gammaw; valang; ovun5; n.u.; chi; mu; hbond; 
            ropp; lp2; n.u.; boc4; boc3; boc5; n.u.; n.u.; 
            ovun2; val3; n.u.; valboc; val5; n.u.; n.u.; atomic; 
C    1.3825   4.0000  12.0000   1.9133   0.1853   0.9000   1.1359   4.0000
     9.7602   2.1346   4.0000  33.2433   0.0000   5.8678   7.0000   0.0000
     1.2104   0.0000   0.0000   8.6991  34.7289  13.3894   0.0000   0.0000
    -2.8983   2.5000   0.0000   4.0000   2.9663   0.0000   0.0000   0.0000
F    1.1846   1.0000  18.9984   1.7922   0.1267   0.4038  -0.1000   7.0000
    10.3184   7.5000   1.0000   9.2533   0.0000   9.3891   6.5612   2.0000
    -1.0000   3.5571   0.0000   6.9821   4.1799   1.0561   0.0000   0.0000
    -7.3000   2.6656   0.0000   1.0000   2.9225   0.0000   0.0000   0.0000
H    0.7853   1.0000   1.0080   1.5904   0.0419   0.8968  -0.1000   1.0000
     9.3557   5.0518   1.0000   0.0000   0.0000   3.5389   9.0000   1.0000
    -0.1000   0.0000   0.0000   1.9771   3.3517   0.7571   0.0000   0.0000
   -15.7683   2.1488   0.0000   1.0000   2.8793   0.0000   0.0000   0.0000
Li   2.1026   1.0000   6.9410   2.1813   0.5429   0.5863  -0.1000   1.0000
     5.8683   1.3258   1.0000   0.0000   0.0000  -0.3108  12.9881   0.0000
    -1.0000   0.0000   0.0000   5.4409   6.9107   0.1973   0.0000   0.0000
   -12.7155   1.4547   0.0000   1.3975   2.8479   0.0000   0.0000   0.0000
Mn   2.2190   7.0000  54.9380   1.9685   0.3855   0.4633   0.1000   6.0000
    11.2058   4.1928   4.0000   0.0000   0.0000  -1.0000   6.1911   0.0000
     0.1000   0.0000   0.0000   3.4529   0.0722   3.1767   0.0000   0.0000
   -25.0000   3.1072   0.0000   8.0000   3.4590   0.0000   0.0000   0.0000
N    1.2333   3.0000  14.0000   2.1081   0.1157   1.0000   1.1748   5.0000
    10.1070   9.7615   4.0000  32.4489   0.0000   6.6017   7.0355   2.0000
     1.0433   3.3217   0.0000   0.5804   8.2702   2.2462   0.0000   0.0000
    -4.2848   4.0000   0.0000   4.0000   2.8793   0.0000   0.0000   0.0000
O    1.2477   2.0000  15.9990   1.9236   0.0904   1.0503   1.0863   6.0000
    10.2127   7.7719   4.0000  36.9573   0.0000   8.5000   8.9989   2.0000
     0.9088   1.0003   0.0000  20.4140   3.3754   0.2702   0.0000   0.0000
    -3.6141   2.7025   0.0000   4.0000   2.9225   0.0000   0.0000   0.0000
P    1.5994   3.8969  30.9738   1.7000   0.1743   0.5485   1.3000   5.0000
     9.1909  14.9482   5.0000   0.0000   0.0000   0.1256   5.2258   0.0000
    -1.0000   0.0100   0.0000   0.2187  21.4305  15.1425   0.0000   0.0000
    -3.9294   3.4831   0.0000   5.0000   2.8793   0.0000   0.0000   0.0000
S    1.9673   2.0000  32.0600   2.1729   0.3000   1.0336   1.5359   6.0000
    10.3008   4.9055   4.0000  52.9998   0.0000   6.5000   8.2545   2.0000
     1.4601   5.0000   0.0000   5.7487  23.2859  12.7147   0.0000   0.0000
   -11.0000   2.7466   0.0000   6.2998   2.8793   0.0000   0.0000   0.0000
X   -0.1000   3.4734   1.0080   2.0000   0.0000   0.9772  -0.1000   6.0000
    10.0000   2.5000   4.0000   0.0000   0.0000   5.0476 899.9755   0.0000
    -0.1000   0.0000   0.0000   8.7410  13.3640   0.6690   0.0000   0.0000
   -11.0000   2.7466   0.0000   4.0000   2.8793   0.0000   0.0000   0.0000
 42  ! Nr of bonds;Desi; Depi; Depp; be1; bo5; corr13; bo6; ovun1; 
                   be2; bo3; bo4; n.u.; bo1; bo2; ovcorr; n.u.; 
  1  1 156.5953 100.0397  80.0000  -0.8157  -0.4591   1.0000  37.7369   0.4235
         0.4527  -0.1000   9.2605   0.0000  -0.0750   6.8316   1.0000   0.0000
  1  2   0.0000   0.0000   0.0000   0.5000  -0.2000   0.0000  16.0000   0.5000
         1.0001  -0.2000  15.0000   0.0000  -0.1000  15.0000   0.0000   0.0000
  1  3 170.2316   0.0000   0.0000  -0.5931   0.0000   1.0000   6.0000   0.7140
         5.2267   1.0000   0.0000   0.0000  -0.0500   6.8315   0.0000   0.0000
  1  4  54.6610  -0.0200   0.0000  -0.8605  -0.5000   0.0000  35.0000   0.3953
         0.6908  -0.2500  11.9965   0.0000  -0.0668   9.0596   0.0000   0.0000
  1  5  44.6379  12.3691   0.0000  -1.0000  -0.3000   1.0000  36.0000   0.4667
         0.7159  -0.3778   7.0244   0.0000  -0.1224   6.7367   1.0000   0.0000
  1  6 164.1304 141.3380 102.0464  -1.8021  -0.5696   1.0000  27.6095   0.2487
         0.3953  -0.3663   7.1330   0.0000  -0.2557   4.6940   1.0000   0.0000
  1  7 160.4802 105.1693  23.3059  -0.3873  -0.1613   1.0000  10.8851   1.0000
         0.5341  -0.3174   7.0303   0.0000  -0.1463   5.2913   0.0000   0.0000
  1  8   0.0000   0.0000   0.0000   0.0000  -0.0001   0.0000   0.0000   0.0000
         0.0000  -0.0001   0.0000   0.0000  -0.0001   0.0000   0.0000   0.0000
  1  9   0.0000   0.0000   0.0000   0.5000  -0.2000   0.0000  16.0000   0.5000
         1.0001  -0.2000  15.0000   0.0000  -0.1000  15.0000   0.0000   0.0000
  2  2 109.0438   0.0000   0.0000   0.6382  -0.3500   1.0000  25.0000   1.1695
         0.1254  -0.2500  15.0000   0.0000  -0.1062   5.9666   1.0000   0.0000
  2  6   0.0000   0.0000   0.0000   0.5000  -0.2000   0.0000  16.0000   0.5000
         1.0001  -0.2000  15.0000   0.0000  -0.1000  15.0000   0.0000   0.0000
  2  8 201.8853   0.0000   0.0000   1.0000  -0.5000   1.0000  50.0000   0.9868
         0.6465  -0.5000  15.0000   0.0000  -0.1329   8.0000   0.0000   0.0000
  2  9 210.1111   0.0000   0.0000  -0.3733  -0.2000   0.0000  16.0000   0.0115
        12.5000  -0.2000  15.0000   0.0000  -0.0302   8.2463   0.0000   0.0000
  3  2 154.6080   0.0000   0.0000  -0.1948  -0.2000   0.0000  16.0000   0.1676
        16.3699  -0.2000  15.0000   0.0000  -0.2265   7.1308   0.0000   0.0000
  3  3 156.0973   0.0000   0.0000  -0.1377   0.0000   1.0000   6.0000   0.8240
         2.9907   1.0000   0.0000   0.0000  -0.0593   4.8358   0.0000   0.0000
  3  4  59.2034   0.0000   0.0000   0.1240   0.0000   0.0000   6.0000   0.4000
         1.0000   0.0000  12.0000   0.0000  -0.0565   4.9575   0.0000   0.0000
  3  5 121.9058  13.6904   0.0000  -0.7313  -0.3000   0.0000  36.0000   1.4843
         3.9168  -0.1437  19.9998   0.0000  -0.0668   5.2002   0.0000   0.0000
  3  6 207.6630   0.0000   0.0000  -0.3423   0.0000   1.0000   6.0000   0.5115
         2.6367   1.0000   0.0000   0.0000  -0.1609   5.7653   0.0000   0.0000
  3  7 180.4373   0.0000   0.0000  -0.8074   0.0000   1.0000   6.0000   0.5514
         1.2490   1.0000   0.0000   0.0000  -0.0657   5.0451   0.0000   0.0000
  3  8   0.0000   0.0000   0.0000   0.0000  -0.0001   0.0000   0.0000   0.0000
         0.0000  -0.0001   0.0000   0.0000  -0.0001   0.0000   0.0000   0.0000
  3  9   0.0000   0.0000   0.0000   0.5000  -0.2000   0.0000  16.0000   0.5000
         1.0001  -0.2000  15.0000   0.0000  -0.1000   9.0000   0.0000   0.0000
  4  2 103.9306   0.0000   0.0000   0.1776  -0.5000   0.0000  45.0000   0.2858
         0.4391  -0.2500  15.0000   0.0000  -0.0807   4.0000   0.0000   0.0000
  4  4  31.8104   0.0000   0.0000   0.4659   0.3000   0.0000  26.0000   0.5783
         0.8857   0.0000  12.0000   0.0000  -0.2493   4.0259   0.0000   0.0000
  4  6   0.0000   0.0000   0.0000   0.5000  -0.2000   0.0000  16.0000   0.5000
         1.0001  -0.2000  15.0000   0.0000  -0.1000  15.0000   0.0000   0.0000
  4  8   0.0000   0.0000   0.0000   0.0000  -0.0001   0.0000   0.0000   0.0000
         0.0000  -0.0001   0.0000   0.0000  -0.0001   0.0000   0.0000   0.0000
  4  9   0.0000   0.0000   0.0000   0.5000  -0.2000   0.0000  16.0000   0.5000
         1.0001  -0.2000  15.0000   0.0000  -0.1000  15.0000   0.0000   0.0000
  5  2 170.7943  13.5641   0.0000  -0.2155   0.3000   0.0000   6.0000   0.2901
         4.5657  -0.1768  11.9503   0.0000  -0.0500   7.1528   0.0000   0.0000
  5  4  77.9671   0.0000   0.0000  -0.9260   0.3000   0.0000  26.0000   0.2414
         3.5622   0.0000  12.0000   0.0000  -0.1990   7.2455   0.0000   0.0000
  5  5  75.6824   0.0000   0.0000  -0.9934  -0.3000   0.0000  16.0000   0.2050
         2.2857  -0.3000  16.0000   0.0000  -0.1230   8.7005   0.0000   0.0000
  5  6   0.0000   0.0000   0.0000   0.0000  -0.0001   0.0000   0.0000   0.0000
         0.0000  -0.0001   0.0000   0.0000  -0.0001   0.0000   0.0000   0.0000
  5  8   0.0000   0.0000   0.0000   0.0000  -0.0001   0.0000   0.0000   0.0000
         0.0000  -0.0001   0.0000   0.0000  -0.0001   0.0000   0.0000   0.0000
  5  9   0.0000   0.0000   0.0000   0.0000  -0.0001   0.0000   0.0000   0.0000
         0.0000  -0.0001   0.0000   0.0000  -0.0001   0.0000   0.0000   0.0000
  6  6   0.0000   0.0000   0.0000   0.5000  -0.2000   0.0000  16.0000   0.5000
         1.0001  -0.2000  15.0000   0.0000  -0.1000  15.0000   0.0000   0.0000
  6  9 200.0000   0.0000   0.0000   0.6382  -0.3500   1.0000  25.0000   0.2500
         0.1254  -0.2500  15.0000   0.0000  -0.1062   7.0000   1.0000   0.0000
  7  2   0.0000   0.0000   0.0000   0.5000  -0.2000   0.0000  16.0000   0.5000
         1.0001  -0.2000  15.0000   0.0000  -0.1000  15.0000   0.0000   0.0000
  7  4 103.6736   0.0000   0.0000  -0.1259   0.3000   0.0000   6.0000   0.5073
         0.8776  -0.2500  11.9965   0.0000  -0.0600   7.2674   0.0000   0.0000
  7  5  77.6881 124.4898   0.0000   0.2074  -0.5000   1.0000  50.0000   0.9681
        10.0702  -0.3089   7.8282   0.0000  -0.0834   5.0204   1.0000   0.0000
  7  6   0.0000   0.0000   0.0000   0.5000  -0.2000   0.0000  16.0000   0.5000
         1.0001  -0.2000  15.0000   0.0000  -0.1000  15.0000   0.0000   0.0000
  7  7  60.1463 176.6202  51.1430  -0.2802  -0.1244   1.0000  29.6439   0.9114
         0.2441  -0.1239   7.6487   0.0000  -0.1302   6.2919   1.0000   0.0000
  7  8   0.0000   0.0000   0.0000   0.0000  -0.0001   0.0000   0.0000   0.0000
         0.0000  -0.0001   0.0000   0.0000  -0.0001   0.0000   0.0000   0.0000
  7  9 107.2917 202.9813  40.0000   0.4728  -0.2406   1.0000  22.1005   0.0500
         0.6528  -0.3341   7.9877   0.0000  -0.0909   6.9512   1.0000   0.0000
  9  9   0.0000   0.0000   0.0000   0.5000  -0.2000   0.0000  16.0000   0.5000
         1.0001  -0.2000  15.0000   0.0000  -0.1000  15.0000   0.0000   0.0000
 19  ! off-diagonal terms;Devdw; rvdw; alfa; rosi; ropi; ropp; 
  1  3   0.1219   1.4000   9.8442   1.1203  -1.0000  -1.0000
  1  4   0.0270   2.4124  11.4640   1.7840   1.0000   1.0000
  1  5   0.0500   1.7100  12.9569   1.4111   1.2000  -1.0000
  1  6   0.0905   1.9712   9.1000   1.2849   1.2475   1.1042
  1  7   0.1131   1.8523   9.8442   1.2775   1.1342   1.0621
  1  8   0.0104   1.7081   9.9503   1.4524  -1.0000  -1.0000
  2  8   0.2836   1.7265  10.5769   1.2016  -1.0000  -1.0000
  2  9   0.1080   1.8715  11.0478   1.4066  -1.0000  -1.0000
  3  2   0.0553   1.7443   9.0006   1.3514  -1.0000  -1.0000
  3  4   0.1149   1.4658  11.0886   1.3337  -1.0000  -1.0000
  3  5   0.1387   1.7082  10.7615   1.4189   1.2973  -1.0000
  3  7   0.0344   1.6800  10.3247   0.9013  -1.0000  -1.0000
  5  2   0.0888   2.1279  11.4615   1.4876   1.2499  -1.0000
  5  4   0.1214   1.7461  10.0264   1.4975  -1.0000  -1.0000
  6  9   0.2000   1.8000   9.5000   1.5000  -1.0000  -1.0000
  7  2   0.1547   2.1287   9.6188  -1.0000  -1.0000  -1.0000
  7  4   0.0223   1.7346  11.4969   1.8864   1.0000   1.0000
  7  5   0.1297   2.0696  11.0071   1.5369   1.4127  -1.0000
  7  9   0.2872   1.8236  10.2430   1.4542   1.4557  -1.0000
 49  ! Nr of angles;theta0; val1; val2; coa1; val7; pen1; val4; 
  1  1  1  67.2326  22.0695   1.6286   0.0000   1.7959  15.4141   1.8089
  1  1  3  65.2527  14.3185   6.2977   0.0000   0.5645   0.0000   1.1530
  1  1  6  78.9895  29.7448   1.4146   0.0000   1.1834   0.0000   2.4298
  1  1  7  49.5561   7.3771   4.9568   0.0000   0.7533  15.9906   1.0010
  1  3  1   0.0000   3.4110   7.7350   0.0000   0.0000   0.0000   1.0400
  1  3  3   0.0000   0.0000   6.0000   0.0000   0.0000   0.0000   1.0400
  1  3  7   0.0000  25.0000   3.0000   0.0000   1.0000   0.0000   1.0400
  1  6  1  81.2266  17.5379   1.2324   0.0000   2.8702   0.0000   1.0000
  1  7  1  74.3994  44.7500   0.7982   0.0000   3.0000   0.0000   1.0528
  1  7  3  71.5018  21.7062   0.4735   0.0000   0.5186   0.0000   1.1793
  1  7  4  92.3783   7.7652   0.9459   0.0000   3.7705   0.0000   2.1527
  1  7  5  90.0000  11.8185   3.0517   0.0000   2.1225   0.0000   1.0000
  1  7  7  77.9854  36.6201   2.0201   0.0000   0.7434  67.0264   3.0000
  1  8  1  87.8979  14.8968   2.4399   0.0000   3.0577   0.0000   1.9970
  2  2  5  35.7076  25.9959   3.1236   0.0000   2.9465   0.0000   1.0000
  2  5  2  20.2537  15.2018  12.8151   0.0000  -0.3395   0.0000   1.4918
  2  8  2  11.3023   2.7534   7.8158  -0.0100   2.6731   0.0000   4.0000
  2  9  2  83.2562   7.6624   8.0000  -0.0100   2.4612   0.0000   4.0000
  2  9  6  35.2937  24.6073   7.2196  -0.0100   2.7632   0.0000   3.6485
  2  9  8  70.0000  15.0000   1.0000  -0.0100   1.0000   0.0000   1.2500
  3  1  3  70.0840  25.3540   3.4508   0.0000   0.0050   0.0000   3.0000
  3  1  7  65.0000  14.2057   4.8649   0.0000   0.3504   0.0000   1.7185
  3  2  3   0.0000   6.9640   1.4314   0.0000   0.0000   0.0000   1.0400
  3  3  3   0.0000  27.9213   5.8635   0.0000   0.0000   0.0000   1.0400
  3  3  7   0.0000   9.7025   6.0000   0.0000   0.0000   0.0000   1.0400
  3  4  3  25.9881   0.0100   1.8827   0.0000   0.6581   0.0000   1.1500
  3  6  1  69.0828  11.0941   2.4635   0.0000   0.2025   0.0000   2.3768
  3  7  3  77.0645  10.4737   1.2895   0.0000   0.9924   0.0000   1.1043
  3  7  5  58.8433   0.0100   2.8694   0.0000   3.2551   0.0000   1.7261
  3  7  7  84.9468  23.3540   1.5057   0.0000   2.6374   0.0000   1.3023
  4  3  4   0.0000   3.6249   1.0000   0.0000   1.0000   0.0000   1.2500
  4  7  4  44.1660   1.4348   1.6536   0.0000   0.6687   0.0000   1.0000
  5  7  4  40.0217   8.1095   1.6249   0.0000   0.7554   0.0000   1.8828
  5  7  5  36.0194  10.8045   2.0283   0.0000   2.2124   0.0000   3.0851
  7  1  4  97.0784   0.0100   4.2570   0.0000   2.0163   0.0000   1.9521
  7  1  7  77.1171  39.8746   2.5403 -24.3902   1.7740 -42.9758   2.1240
  7  3  2   0.0000   1.8088   0.0100   0.0000   0.0000   0.0000   1.2229
  7  3  7   0.0000   0.0148   6.0000   0.0000   0.0000   0.0000   1.0400
  7  4  7   9.6525   0.0000   1.0000   0.0000   1.0000   0.0000   1.0000
  7  5  5   5.2902   3.2833   3.3952   0.0000   3.7601   0.0000   3.7996
  7  5  7  44.4821   4.3912   2.9544   0.0000   3.4056   0.0000   1.9323
  7  7  4  78.5937  17.6958   2.0339   0.0000   0.7724   0.0000   1.1504
  7  7  5  43.0277  19.8053   1.5680   0.0000   3.1506   0.0000   1.1749
  7  7  7  80.7324  30.4554   0.9953   0.0000   1.6310  50.0000   1.0783
  7  7  9  60.2631  30.0701   2.1707   0.0000   1.3323   0.0000   1.0192
  7  9  2  29.6838  31.8824   5.3549  -0.0100   1.9996   0.0000   1.0000
  7  9  7  98.4608  32.3586   3.1478  -0.0100   3.0000   0.0000   1.1735
  7  9  9  75.0000  15.0000   1.0000  -0.0100   1.0000   0.0000   1.2500
  9  6  9  70.0000  15.0000   1.0000  -0.0100   1.0000   0.0000   1.2500
 25  ! Nr of torsions;V1; V2; V3; tor1; cot1; n.u.; n.u.; 
  1  1  1  1  -0.2500  11.5822   0.1879  -4.7057  -2.2047   0.0000   0.0000
  1  1  1  3  -0.2500  31.2596   0.1709  -4.6391  -1.9002   0.0000   0.0000
  1  1  1  7  -0.7098  22.2951   0.0060  -2.5000  -2.1688   0.0000   0.0000
  1  1  7  1   2.0007  25.5641  -0.0608  -2.6456  -1.1766   0.0000   0.0000
  1  1  7  3  -1.1953  42.1545  -1.0000  -8.0821  -1.0000   0.0000   0.0000
  1  1  7  7  -0.0179   5.0603  -0.1894  -2.5000  -2.0399   0.0000   0.0000
  1  7  7  1   2.5000  -0.5332   1.0000  -3.5096  -2.9000   0.0000   0.0000
  1  7  7  3  -2.5000   3.3219   0.7180  -5.2021  -2.9330   0.0000   0.0000
  1  7  7  7   0.0531 -17.3983   1.0000  -2.5000  -2.1584   0.0000   0.0000
  3  1  1  3  -0.1770  30.0252   0.4340  -5.0019  -2.0697   0.0000   0.0000
  3  1  1  7  -0.3568  22.6472   0.6045  -4.0088  -1.0000   0.0000   0.0000
  3  1  7  3  -2.5000  79.6980   1.0000  -3.5697  -2.7501   0.0000   0.0000
  3  1  7  7  -0.5583  80.0000   1.0000  -4.4000  -3.0000   0.0000   0.0000
  3  7  7  3   2.2500  -6.2288   1.0000  -2.6189  -1.0000   0.0000   0.0000
  3  7  7  7   0.4723 -12.4144  -1.0000  -2.5000  -1.0000   0.0000   0.0000
  7  1  1  7  -0.0528   6.8150   0.7498  -5.0913  -1.0000   0.0000   0.0000
  7  1  7  7  -2.5000  66.3525   0.3986  -3.0293  -3.0000   0.0000   0.0000
  7  7  7  7  -2.5000 -25.0000   1.0000  -2.5000  -1.0000   0.0000   0.0000
  0  1  1  0   0.0000  50.0000   0.3000  -4.0000  -2.0000   0.0000   0.0000
  0  1  2  0   3.3423  30.3435   0.0365  -2.7171   0.0000   0.0000   0.0000
  0  1  3  0   0.0000   0.0000   0.0000   0.0000   0.0000   0.0000   0.0000
  0  2  2  0  -0.0555 -42.7738   0.1515  -2.2056   0.0000   0.0000   0.0000
  0  3  3  0   0.0000   0.0000   0.0000   0.0000   0.0000   0.0000   0.0000
  0  3  7  0   0.0000   0.1000   0.0200  -2.5415   0.0000   0.0000   0.0000
  0  7  7  0   0.5511  25.4150   1.1330  -5.1903  -1.0000   0.0000   0.0000
  1  ! Nr of Hbonds;rohb; Dehb; hb1; hb2; 
  7  3  7   1.9682  -4.4628   1.7976   3.0000
